popUSA=[ 39576757    %      Population (2020 census)
29183290
21570527
20215751
13011844
12822739
11808848
10725274
10453948
10084442
9294493
8654542
7715946
7158923
7033469
6916897
6790280
6185278
6160281
5897473
5782171
5709752
5124712
5030053
4661468
4509342
4241500
3963516
3608298
3271616
3192406
3108462
3013756
2963914
2940865
2120220
1963333
1841377
1795045
1460137
1379089
1363582
1098163
1085407
990837
887770
779702
736081
689545
643503
577719];
