popUSAdea=[61603
50035
36347
52673
26965
24913
19628
20591
12950
20013
26053
11068
5690
17509
17802
12364
13525
8913
8996
6978
6479
7333
9669
11077
10517
6693
2606
6918
8208
2279
6018
5550
5808
7278
5053
4126
2234
2080
2769
492
1344
816
2703
1604
1652
2001
1507
362
1125
255
713];
